1,1,1,300,200,"101     12/8/80 "                              
0,0,0,0,0,"                              "                    
0,0,0,0,0,"                              "                    
0,0,0,0,0,"                              "                    
0,0,0,0,0,"                              "                    
0,0,0,0,0,"                              "                    
0,0,0,0,0,"                              "                    
0,0,0,0,0,"                              "                    
0,0,0,0,0,"                              "                    
0,0,0,0,0,"                              "                    
0,0,0,0,0,"                              "                    
0,0,0,0,0,"                              "                    
0,0,0,0,0,"                              "                    
0,0,0,0,0,"                              "                    
0,0,0,0,0,"                              "                    
0,0,0,0,0,"                              "                    
0,0,0,0,0,"                              "                    
0,0,0,0,0,"                              "                    
0,0,0,0,0,"                              "                    
0,0,0,0,0,"                              "                    
0,0,0,0,0,"                              "                    
0,0,0,0,0,"                              "                    
0,0,0,0,0,"                              "                    
0,0,0,0,0,"                              "                    
0,0,0,0,0,"                              "                    
0,0,0,0,0,"                              "                    
0,0,0,0,0,"                              "                    
0,0,0,0,0,"                              "                    
0,0,0,0,0,"                              "                    
0,0,0,0,0,"                              "                    
0,0,0,0,0,"                              "                    
0,0,0,0,0,"                              "                    
0,0,0,0,0,"                              "                    
0,0,0,0,0,"                              "                    
0,0,0,0,0,"                              "                    
0,0,0,0,0,"                              "                    
0,0,0,0,0,"                              "                    
0,0,0,0,0,"                              "                    
0,0,0,0,0,"                              "                    
0,0,0,0,0,"                              "                    
0,0,0,0,0,"                              "                    
0,0,0,0,0,"                              "                    
0,0,0,0,0,"                              "                    
0,0,0,0,0,"                              "                    
0,0,0,0,0,"                              "                    
0,0,0,0,0,"                              "                    
0,0,0,0,0,"                              "                    
0,0,0,0,0,"                              "                    
0,0,0,0,0,"                              "                    
0,0,0,0,0,"                              "                    
