100,140,135,"Truck                   Parking lot             N06-01-79SD",7000,5671.05022831,1328.94977169,5,4,110.745814307,332.237442922,1328.94977169,200                                                                                                  
2,123,233,"DESKS                   TORRANC                 N12/1/80 SL",0,100,-100,10,9,-8.33333333333,-25,-100,100                                                                                                                                           
0,0,0,"                                                                      ",0,0,0,0,0,0,0,0,0                                                                                                                                                              
0,0,0,"                                                                      ",0,0,0,0,0,0,0,0,0                                                                                                                                                              
0,0,0,"                                                                      ",0,0,0,0,0,0,0,0,0                                                                                                                                                              
0,0,0,"                                                                      ",0,0,0,0,0,0,0,0,0                                                                                                                                                              
0,0,0,"                                                                      ",0,0,0,0,0,0,0,0,0                                                                                                                                                              
0,0,0,"                                                                      ",0,0,0,0,0,0,0,0,0                                                                                                                                                              
0,0,0,"                                                                      ",0,0,0,0,0,0,0,0,0                                                                                                                                                              
0,0,0,"                                                                      ",0,0,0,0,0,0,0,0,0                                                                                                                                                              
0,0,0,"                                                                      ",0,0,0,0,0,0,0,0,0                                                                                                                                                              
0,0,0,"                                                                      ",0,0,0,0,0,0,0,0,0                                                                                                                                                              
0,0,0,"                                                                      ",0,0,0,0,0,0,0,0,0                                                                                                                                                              
0,0,0,"                                                                      ",0,0,0,0,0,0,0,0,0                                                                                                                                                              
0,0,0,"                                                                      ",0,0,0,0,0,0,0,0,0                                                                                                                                                              
0,0,0,"                                                                      ",0,0,0,0,0,0,0,0,0                                                                                                                                                              
0,0,0,"                                                                      ",0,0,0,0,0,0,0,0,0                                                                                                                                                              
0,0,0,"                                                                      ",0,0,0,0,0,0,0,0,0                                                                                                                                                              
0,0,0,"                                                                      ",0,0,0,0,0,0,0,0,0                                                                                                                                                              
0,0,0,"                                                                      ",0,0,0,0,0,0,0,0,0                                                                                                                                                              
0,0,0,"                                                                      ",0,0,0,0,0,0,0,0,0                                                                                                                                                              
0,0,0,"                                                                      ",0,0,0,0,0,0,0,0,0                                                                                                                                                              
