1,111,"12     222         LOT OF NOTHING          JJO                     12/5/80 12/1/80 111       ",1,11000,25000,12,15,25,58,566,50,12                                                                                                                     
0,0,"                                                                                ",0,0,0,0,0,0,0,0,0,0                                                                                                                                                    
0,0,"                                                                                ",0,0,0,0,0,0,0,0,0,0                                                                                                                                                    
0,0,"                                                                                ",0,0,0,0,0,0,0,0,0,0                                                                                                                                                    
0,0,"                                                                                ",0,0,0,0,0,0,0,0,0,0                                                                                                                                                    
0,0,"                                                                                ",0,0,0,0,0,0,0,0,0,0                                                                                                                                                    
0,0,"                                                                                ",0,0,0,0,0,0,0,0,0,0                                                                                                                                                    
0,0,"                                                                                ",0,0,0,0,0,0,0,0,0,0                                                                                                                                                    
0,0,"                                                                                ",0,0,0,0,0,0,0,0,0,0                                                                                                                                                    
0,0,"                                                                                ",0,0,0,0,0,0,0,0,0,0                                                                                                                                                    
0,0,"                                                                                ",0,0,0,0,0,0,0,0,0,0                                                                                                                                                    
0,0,"                                                                                ",0,0,0,0,0,0,0,0,0,0                                                                                                                                                    
