100,220,"Jim Hale                The Paper Works         102 Anywhere            The City         CA97654(213) 555 2343                                                                                                              12-10-79",0,0,0,0,0,0                                                                                                                                    
2,1111,"JIM HART                JOHN SMITH CO.          123 SO. MAIN ST         LOS ANGELES      CA90056213-555-6677                                                                                                                12/2/80 ",234.9,0,0,0,0,0                                                                                                                                 
0,0,"                                                                                                                                                                                                                                    ",0,0,0,0,0,0                                                                                                                                        
0,0,"                                                                                                                                                                                                                                    ",0,0,0,0,0,0                                                                                                                                        
0,0,"                                                                                                                                                                                                                                    ",0,0,0,0,0,0                                                                                                                                        
0,0,"                                                                                                                                                                                                                                    ",0,0,0,0,0,0                                                                                                                                        
0,0,"                                                                                                                                                                                                                                    ",0,0,0,0,0,0                                                                                                                                        
0,0,"                                                                                                                                                                                                                                    ",0,0,0,0,0,0                                                                                                                                        
0,0,"                                                                                                                                                                                                                                    ",0,0,0,0,0,0                                                                                                                                        
0,0,"                                                                                                                                                                                                                                    ",0,0,0,0,0,0                                                                                                                                        
0,0,"                                                                                                                                                                                                                                    ",0,0,0,0,0,0                                                                                                                                        
0,0,"                                                                                                                                                                                                                                    ",0,0,0,0,0,0                                                                                                                                        
